/Users/christophersmith/projects/AdventOfCode2024/19/Program.cs(10,32): warning CS8602: Dereference of a possibly null reference. [/Users/christophersmith/projects/AdventOfCode2024/19/19.csproj]
Program One
0
-774355352
1700187912
954128557
0
-219623740
2073812888
-1478471494
2146056757
1147511740
-2109762344
-2140170542
-529114598
0
0
0
1688103496
1348553960
0
-1320609408
145178468
786564996
139238400
-1563642646
-2063380849
-451653396
1020139638
0
-33819296
-1615958334
0
0
2081126252
-833625188
1190630974
244561548
0
951073832
0
623864536
735800324
664243221
1682239592
271996470
1758723108
-181526978
1499701932
0
1656117620
-1443359684
-437195740
1575548172
-1874106354
647529383
1440157172
0
958260452
1326153506
0
1435612500
0
0
-383378268
-1499848030
213886679
595751776
0
396959806
0
-1579719624
924088488
-1626818422
320162973
0
0
1541301604
0
-1277885792
-1439099917
0
-196948210
-286948824
0
-1840511394
-1257699212
1900215928
281319223
0
482197613
-1345601524
1618348925
0
196732101
113492750
155131588
0
0
1376886928
1561905712
-114765856
0
207513744
154102777
2108439608
516401016
-15269192
-493289929
355844440
0
144356216
0
0
0
-127158688
1927499720
0
-1600533304
598779827
1877214400
1405119152
-1145739140
0
0
-121566910
0
294411566
-1881546812
-712572808
0
-1333662080
2031217632
632622215
0
-77691328
-1229143818
-72230782
2073059280
-146396280
-1597433981
1032560176
-2075864176
225924476
388667025
486982782
-885693999
1357800635
1544939784
0
-1383581805
-1604272670
0
0
-1355366554
1659258955
0
-905560240
1307380861
-785872448
1729392520
-1004229140
0
0
0
-1474983888
0
0
1109943418
70670508
1285355962
-269073104
709031580
-253314048
575799430
644650469
0
-790933142
-1747505682
1858503292
835322608
-1895860531
0
0
-156894312
1374419044
0
126255990
82525324
221826402
611628140
0
0
0
-1969288968
669239529
1055185680
0
0
0
286220686
-121443614
0
1097600438
0
0
0
0
0
0
0
0
-1996929696
0
111216196
384339006
448580744
0
-378353244
0
-1206515906
1403355210
-961616955
-1794327880
-932860642
0
0
1573794780
0
683938023
0
0
1425090890
0
-1827547188
-439617628
0
-1824016008
-984579690
1792769176
0
0
565990160
2043147344
0
-416156804
-1187585920
1699490244
-1195319575
-1692845572
291418140
0
-2035174559
216733236
0
523336996
-887411504
0
173144728
-1186957256
0
900164480
668276956
1693674396
329374750
756086464
633351718
-574972878
-646158824
0
-412418656
16963815
-401220416
77694060
0
-1643840928
2144875860
463250629
-1888908016
514154508
-1050425896
321277138
0
0
-1845175287
-1674192767
-932207400
0
390990120
-578364839
0
0
0
493137477
1896194362
-93210194
0
0
-1260426600
0
-1508385328
-2115524416
0
0
0
-1467899504
0
0
2102967452
-1413145878
-1109193712
0
-1361787700
0
-577683888
-1035004514
0
0
2006293920
1895051350
0
0
0
1182763104
0
2004720662
-585809876
0
1451678054
1243934990
-450146208
-1281496053
0
0
-1803794116
-1120781728
480385480
-737281252
-1497273116
-83533740
-1057184928
0
-1824992331
0
174596171
-784993454
0
597656780
818646692
0
887547074
0
435875106
-1215222049
1764566784
-2122574066
619668746
-455075664
-353974554
-1952165216
0
715792680
-1767685944
1069316683
0
-1128267255
1238221797
-2108263456
0
-1765381475
1125362959
-225954770
0
316186564
1055514745
0
0
0
-406584844
1797904384
0
-961700631
-335856444
0
-1243772030
0
0
0
0
0
-8241648
-1664464559
297542344
0
-986070796
833672597
621618642
891638359
64113732
0
0
0
-1046163996
